#Layer_Color=32768
#
#Feature symbol names
#
$0 r2

#
#Feature attribute names
#

#
#Layer features
#
L -0.005 -0.315 0.035 -0.315 0 P 0
L -0.005 -0.385 -0.005 -0.315 0 P 0
L -0.005 -0.385 0.035 -0.385 0 P 0
L 0.0051504 -0.35 0.0248393 -0.35 0 P 0
L 0.015 -0.36 0.015 -0.34 0 P 0
L 0.035 -0.385 0.035 -0.315 0 P 0
L -0.05 0.26 -0.05 0.33 0 P 0
L -0.065 0.88 -0.065 0.95 0 P 0
L 0.065 -0.88 0.105 -0.88 0 P 0
L 0.065 -0.95 0.065 -0.88 0 P 0
L 0.065 -0.95 0.105 -0.95 0 P 0
L -0.07 0.285 -0.07 0.305 0 P 0
L 0.075 -0.915 0.095 -0.915 0 P 0
L -0.0798496 0.295 -0.0601607 0.295 0 P 0
L 0.085 0.26 0.085 0.3 0 P 0
L -0.085 0.26 -0.085 0.33 0 P 0
L 0.085 0.26 0.155 0.26 0 P 0
L 0.085 0.3 0.155 0.3 0 P 0
L -0.085 0.905 -0.085 0.925 0 P 0
L 0.085 -0.925 0.085 -0.905 0 P 0
L -0.09 0.26 -0.05 0.26 0 P 0
L -0.09 0.26 -0.09 0.33 0 P 0
L -0.09 0.33 -0.05 0.33 0 P 0
L -0.095 0.915 -0.075 0.915 0 P 0
L 0.105 -0.26 0.175 -0.26 0 P 0
L -0.105 0.285 -0.105 0.305 0 P 0
L 0.105 -0.3 0.105 -0.26 0 P 0
L 0.105 -0.3 0.175 -0.3 0 P 0
L -0.105 0.88 -0.065 0.88 0 P 0
L -0.105 0.88 -0.105 0.95 0 P 0
L -0.105 0.95 -0.065 0.95 0 P 0
L 0.105 -0.95 0.105 -0.88 0 P 0
L 0.11 0.28 0.13 0.28 0 P 0
L -0.1148496 0.295 -0.0951607 0.295 0 P 0
L -0.12 0.26 -0.12 0.33 0 P 0
L 0.12 0.27 0.12 0.29 0 P 0
L -0.125 0.26 -0.085 0.26 0 P 0
L -0.125 0.26 -0.125 0.33 0 P 0
L -0.125 0.33 -0.085 0.33 0 P 0
L 0.13 -0.28 0.15 -0.28 0 P 0
L -0.14 0.285 -0.14 0.305 0 P 0
L 0.14 -0.29 0.14 -0.27 0 P 0
L -0.15 0.295 -0.13 0.295 0 P 0
L -0.155 0.26 -0.155 0.3 0 P 0
L 0.155 0.26 0.155 0.3 0 P 0
L -0.16 0.26 -0.12 0.26 0 P 0
L -0.16 0.26 -0.16 0.33 0 P 0
L -0.16 0.33 -0.12 0.33 0 P 0
L 0.175 -0.3 0.175 -0.26 0 P 0
L -0.19 0.27 -0.19 0.29 0 P 0
L -0.2 0.28 -0.18 0.28 0 P 0
L -0.225 0.26 -0.155 0.26 0 P 0
L -0.225 0.26 -0.225 0.3 0 P 0
L -0.225 0.3 -0.155 0.3 0 P 0
L 0.23 0.285 0.23 0.355 0 P 0
L 0.23 0.285 0.27 0.285 0 P 0
L 0.23 0.355 0.27 0.355 0 P 0
L 0.24 0.32 0.26 0.32 0 P 0
L 0.25 0.31 0.25 0.33 0 P 0
L 0.26 -0.035 0.26 0.035 0 P 0
L -0.26 0.035 -0.26 0.105 0 P 0
L 0.26 -0.035 0.3 -0.035 0 P 0
L 0.26 0.035 0.3 0.035 0 P 0
L 0.26 0.045 0.26 0.115 0 P 0
L 0.26 0.045 0.3 0.045 0 P 0
L -0.26 -0.08 -0.26 -0.04 0 P 0
L -0.26 -0.115 -0.26 -0.075 0 P 0
L 0.26 0.115 0.3 0.115 0 P 0
L 0.26 -0.13 0.3 -0.13 0 P 0
L -0.26 -0.15 -0.26 -0.11 0 P 0
L 0.26 -0.2 0.26 -0.13 0 P 0
L 0.26 -0.2 0.3 -0.2 0 P 0
L -0.26 -0.215 -0.26 -0.145 0 P 0
L 0.27 0 0.29 0 0 P 0
L 0.27 0.08 0.29 0.08 0 P 0
L 0.27 -0.165 0.29 -0.165 0 P 0
L 0.27 0.285 0.27 0.355 0 P 0
L 0.28 -0.01 0.28 0.01 0 P 0
L -0.28 0.06 -0.28 0.08 0 P 0
L 0.28 0.07 0.28 0.09 0 P 0
L 0.28 -0.175 0.28 -0.155 0 P 0
L -0.28 -0.19 -0.28 -0.17 0 P 0
L -0.2898496 0.07 -0.2701607 0.07 0 P 0
L -0.29 -0.18 -0.27 -0.18 0 P 0
L 0.29 0.27 0.29 0.31 0 P 0
L 0.29 0.27 0.36 0.27 0 P 0
L 0.29 0.31 0.36 0.31 0 P 0
L 0.29 0.315 0.29 0.355 0 P 0
L 0.29 0.315 0.36 0.315 0 P 0
L 0.29 0.355 0.36 0.355 0 P 0
L -0.295 -0.0698393 -0.295 -0.0501504 0 P 0
L -0.295 -0.1048393 -0.295 -0.0851504 0 P 0
L -0.295 -0.14 -0.295 -0.12 0 P 0
L -0.3 0.035 -0.26 0.035 0 P 0
L 0.3 -0.035 0.3 0.035 0 P 0
L -0.3 0.035 -0.3 0.105 0 P 0
L 0.3 0.045 0.3 0.115 0 P 0
L -0.3 0.105 -0.26 0.105 0 P 0
L -0.3 -0.145 -0.26 -0.145 0 P 0
L 0.3 -0.2 0.3 -0.13 0 P 0
L -0.3 -0.215 -0.26 -0.215 0 P 0
L -0.3 -0.215 -0.3 -0.145 0 P 0
L -0.305 -0.06 -0.285 -0.06 0 P 0
L -0.305 -0.095 -0.285 -0.095 0 P 0
L -0.305 -0.13 -0.285 -0.13 0 P 0
L 0.315 0.29 0.335 0.29 0 P 0
L 0.315 0.335 0.335 0.335 0 P 0
L 0.325 0.005 0.325 0.045 0 P 0
L 0.325 0.005 0.395 0.005 0 P 0
L 0.325 0.045 0.395 0.045 0 P 0
L 0.325 0.2801504 0.325 0.2998393 0 P 0
L 0.325 0.3251504 0.325 0.3448393 0 P 0
L -0.33 -0.04 -0.26 -0.04 0 P 0
L -0.33 -0.075 -0.26 -0.075 0 P 0
L -0.33 -0.08 -0.26 -0.08 0 P 0
L -0.33 -0.08 -0.33 -0.04 0 P 0
L -0.33 -0.11 -0.26 -0.11 0 P 0
L -0.33 -0.115 -0.26 -0.115 0 P 0
L -0.33 -0.115 -0.33 -0.075 0 P 0
L -0.33 -0.15 -0.26 -0.15 0 P 0
L -0.33 -0.15 -0.33 -0.11 0 P 0
L 0.35 0.025 0.37 0.025 0 P 0
L 0.36 0.015 0.36 0.035 0 P 0
L 0.36 0.27 0.36 0.31 0 P 0
L 0.36 0.315 0.36 0.355 0 P 0
L 0.395 0.005 0.395 0.045 0 P 0
L 0.395 -0.235 0.465 -0.235 0 P 0
L 0.395 -0.275 0.395 -0.235 0 P 0
L 0.395 -0.275 0.465 -0.275 0 P 0
L -0.41 -0.225 -0.41 -0.105 0 P 0
L 0.42 -0.255 0.44 -0.255 0 P 0
L -0.43 -0.035 -0.43 0.035 0 P 0
L 0.43 -0.265 0.43 -0.245 0 P 0
L -0.445 -0.185 -0.445 -0.145 0 P 0
L -0.45 -0.01 -0.45 0.01 0 P 0
L -0.4598393 0 -0.4401504 0 0 P 0
L -0.465 -0.11 -0.465 -0.07 0 P 0
L -0.465 -0.165 -0.425 -0.165 0 P 0
L 0.465 -0.275 0.465 -0.235 0 P 0
L -0.47 -0.035 -0.43 -0.035 0 P 0
L -0.47 0.035 -0.43 0.035 0 P 0
L -0.47 -0.035 -0.47 0.035 0 P 0
L -0.48 -0.105 -0.41 -0.105 0 P 0
L -0.48 -0.225 -0.41 -0.225 0 P 0
L -0.48 -0.225 -0.48 -0.105 0 P 0
L -0.5 -0.1 -0.5 -0.08 0 P 0
L -0.51 -0.09 -0.49 -0.09 0 P 0
L -0.53 -0.11 -0.53 -0.07 0 P 0
L -0.535 -0.07 -0.465 -0.07 0 P 0
L -0.535 -0.11 -0.465 -0.11 0 P 0
L -0.535 -0.11 -0.535 -0.07 0 P 0
L 0.5480079 0.6965002 0.576292 0.6682159 0 P 0
L 0.5480079 0.6965002 0.5975052 0.7459977 0 P 0
L -0.565 -0.1 -0.565 -0.08 0 P 0
L -0.575 -0.09 -0.555 -0.09 0 P 0
L -0.576292 -0.6682159 -0.5480079 -0.6965002 0 P 0
L 0.576292 0.6682159 0.6257895 0.7177134 0 P 0
L 0.5798276 0.7000357 0.5939697 0.7141778 0 P 0
L 0.5798276 0.7141778 0.5939697 0.7000357 0 P 0
L -0.5939697 -0.7000357 -0.5798276 -0.7141778 0 P 0
L -0.5939697 -0.7141778 -0.5798276 -0.7000357 0 P 0
L -0.5975052 -0.7459977 -0.5480079 -0.6965002 0 P 0
L 0.5975052 0.7459977 0.6257895 0.7177134 0 P 0
L -0.6 -0.07 -0.53 -0.07 0 P 0
L -0.6 -0.11 -0.53 -0.11 0 P 0
L -0.6 -0.11 -0.6 -0.07 0 P 0
L -0.6257895 -0.7177134 -0.576292 -0.6682159 0 P 0
L -0.6257895 -0.7177134 -0.5975052 -0.7459977 0 P 0
L 0.6682159 -0.576292 0.6965002 -0.5480079 0 P 0
L 0.6682159 -0.576292 0.7177134 -0.6257895 0 P 0
L -0.6965002 0.5480079 -0.6682159 0.576292 0 P 0
L 0.6965002 -0.5480079 0.7459977 -0.5975052 0 P 0
L 0.7000357 -0.5798276 0.7141778 -0.5939697 0 P 0
L 0.7000357 -0.5939697 0.7141778 -0.5798276 0 P 0
L -0.7141778 0.5798276 -0.7000357 0.5939697 0 P 0
L -0.7141778 0.5939697 -0.7000357 0.5798276 0 P 0
L -0.7177134 0.6257895 -0.6682159 0.576292 0 P 0
L 0.7177134 -0.6257895 0.7459977 -0.5975052 0 P 0
L -0.7459977 0.5975052 -0.6965002 0.5480079 0 P 0
L -0.7459977 0.5975052 -0.7177134 0.6257895 0 P 0
L 0.88 0.065 0.88 0.105 0 P 0
L 0.88 0.065 0.95 0.065 0 P 0
L -0.88 -0.1049999 -0.8799999 -0.0649999 0 P 0
L 0.88 0.105 0.95 0.105 0 P 0
L 0.905 0.085 0.925 0.085 0 P 0
L 0.915 0.075 0.915 0.095 0 P 0
L -0.915 -0.0949999 -0.915 -0.0749999 0 P 0
L -0.9249999 -0.085 -0.905 -0.085 0 P 0
L -0.95 -0.0649999 -0.8799999 -0.0649999 0 P 0
L 0.95 0.065 0.95 0.105 0 P 0
L -0.95 -0.105 -0.88 -0.1049999 0 P 0
L -0.95 -0.105 -0.95 -0.0649999 0 P 0
