#Layer_Color=16711935
#
#Feature symbol names
#
$0 r5

#
#Feature attribute names
#

#
#Layer features
#
L 0.0051575 -0.330315 0.0248425 -0.330315 0 P 0
L 0.0051575 -0.369685 0.0051575 -0.330315 0 P 0
L 0.0051575 -0.369685 0.0248425 -0.369685 0 P 0
L 0.0248425 -0.369685 0.0248425 -0.330315 0 P 0
L -0.0601575 0.275315 -0.0601575 0.314685 0 P 0
L -0.0751575 0.895315 -0.0751575 0.934685 0 P 0
L 0.0751575 -0.895315 0.0948425 -0.895315 0 P 0
L 0.0751575 -0.934685 0.0751575 -0.895315 0 P 0
L 0.0751575 -0.934685 0.0948425 -0.934685 0 P 0
L -0.0798425 0.275315 -0.0601575 0.275315 0 P 0
L -0.0798425 0.275315 -0.0798425 0.314685 0 P 0
L -0.0798425 0.314685 -0.0601575 0.314685 0 P 0
L -0.0948425 0.895315 -0.0751575 0.895315 0 P 0
L -0.0948425 0.895315 -0.0948425 0.934685 0 P 0
L -0.0948425 0.934685 -0.0751575 0.934685 0 P 0
L 0.0948425 -0.934685 0.0948425 -0.895315 0 P 0
L -0.0951575 0.275315 -0.0951575 0.314685 0 P 0
L 0.100315 0.2701575 0.100315 0.2898425 0 P 0
L 0.100315 0.2701575 0.139685 0.2701575 0 P 0
L 0.100315 0.2898425 0.139685 0.2898425 0 P 0
L -0.1148425 0.275315 -0.0951575 0.275315 0 P 0
L -0.1148425 0.275315 -0.1148425 0.314685 0 P 0
L -0.1148425 0.314685 -0.0951575 0.314685 0 P 0
L 0.120315 -0.2701575 0.159685 -0.2701575 0 P 0
L 0.120315 -0.2898425 0.120315 -0.2701575 0 P 0
L 0.120315 -0.2898425 0.159685 -0.2898425 0 P 0
L -0.1301575 0.275315 -0.1301575 0.314685 0 P 0
L 0.139685 0.2701575 0.139685 0.2898425 0 P 0
L -0.1498425 0.275315 -0.1301575 0.275315 0 P 0
L -0.1498425 0.275315 -0.1498425 0.314685 0 P 0
L -0.1498425 0.314685 -0.1301575 0.314685 0 P 0
L 0.159685 -0.2898425 0.159685 -0.2701575 0 P 0
L -0.170315 0.2701575 -0.170315 0.2898425 0 P 0
L -0.209685 0.2701575 -0.170315 0.2701575 0 P 0
L -0.209685 0.2701575 -0.209685 0.2898425 0 P 0
L -0.209685 0.2898425 -0.170315 0.2898425 0 P 0
L 0.2401575 0.300315 0.2401575 0.339685 0 P 0
L 0.2401575 0.300315 0.2598425 0.300315 0 P 0
L 0.2401575 0.339685 0.2598425 0.339685 0 P 0
L 0.2598425 0.300315 0.2598425 0.339685 0 P 0
L 0.2701575 -0.019685 0.2701575 0.019685 0 P 0
L 0.2701575 -0.019685 0.2898425 -0.019685 0 P 0
L 0.2701575 0.019685 0.2898425 0.019685 0 P 0
L -0.2701575 0.050315 -0.2701575 0.089685 0 P 0
L 0.2701575 0.060315 0.2701575 0.099685 0 P 0
L 0.2701575 0.060315 0.2898425 0.060315 0 P 0
L 0.2701575 0.099685 0.2898425 0.099685 0 P 0
L 0.2701575 -0.145315 0.2898425 -0.145315 0 P 0
L 0.2701575 -0.184685 0.2701575 -0.145315 0 P 0
L 0.2701575 -0.184685 0.2898425 -0.184685 0 P 0
L -0.2701575 -0.199685 -0.2701575 -0.160315 0 P 0
L -0.275315 -0.0698425 -0.275315 -0.0501575 0 P 0
L -0.275315 -0.1048425 -0.275315 -0.0851575 0 P 0
L -0.275315 -0.1398425 -0.275315 -0.1201575 0 P 0
L 0.2898425 -0.019685 0.2898425 0.019685 0 P 0
L -0.2898425 0.050315 -0.2701575 0.050315 0 P 0
L -0.2898425 0.050315 -0.2898425 0.089685 0 P 0
L 0.2898425 0.060315 0.2898425 0.099685 0 P 0
L -0.2898425 0.089685 -0.2701575 0.089685 0 P 0
L -0.2898425 -0.160315 -0.2701575 -0.160315 0 P 0
L 0.2898425 -0.184685 0.2898425 -0.145315 0 P 0
L -0.2898425 -0.199685 -0.2701575 -0.199685 0 P 0
L -0.2898425 -0.199685 -0.2898425 -0.160315 0 P 0
L 0.305315 0.2801575 0.305315 0.2998425 0 P 0
L 0.305315 0.2801575 0.344685 0.2801575 0 P 0
L 0.305315 0.2998425 0.344685 0.2998425 0 P 0
L 0.305315 0.3251575 0.305315 0.3448425 0 P 0
L 0.305315 0.3251575 0.344685 0.3251575 0 P 0
L 0.305315 0.3448425 0.344685 0.3448425 0 P 0
L -0.314685 -0.0501575 -0.275315 -0.0501575 0 P 0
L -0.314685 -0.0698425 -0.275315 -0.0698425 0 P 0
L -0.314685 -0.0698425 -0.314685 -0.0501575 0 P 0
L -0.314685 -0.0851575 -0.275315 -0.0851575 0 P 0
L -0.314685 -0.1048425 -0.275315 -0.1048425 0 P 0
L -0.314685 -0.1048425 -0.314685 -0.0851575 0 P 0
L -0.314685 -0.1201575 -0.275315 -0.1201575 0 P 0
L -0.314685 -0.1398425 -0.275315 -0.1398425 0 P 0
L -0.314685 -0.1398425 -0.314685 -0.1201575 0 P 0
L 0.340315 0.0151575 0.340315 0.0348425 0 P 0
L 0.340315 0.0151575 0.379685 0.0151575 0 P 0
L 0.340315 0.0348425 0.379685 0.0348425 0 P 0
L 0.344685 0.2801575 0.344685 0.2998425 0 P 0
L 0.344685 0.3251575 0.344685 0.3448425 0 P 0
L 0.379685 0.0151575 0.379685 0.0348425 0 P 0
L 0.410315 -0.2451575 0.449685 -0.2451575 0 P 0
L 0.410315 -0.2648425 0.410315 -0.2451575 0 P 0
L 0.410315 -0.2648425 0.449685 -0.2648425 0 P 0
L -0.4203937 -0.2043701 -0.4203937 -0.1256299 0 P 0
L -0.4401575 -0.019685 -0.4401575 0.019685 0 P 0
L 0.449685 -0.2648425 0.449685 -0.2451575 0 P 0
L -0.4598425 -0.019685 -0.4401575 -0.019685 0 P 0
L -0.4598425 0.019685 -0.4401575 0.019685 0 P 0
L -0.4598425 -0.019685 -0.4598425 0.019685 0 P 0
L -0.4696063 -0.1256299 -0.4203937 -0.1256299 0 P 0
L -0.4696063 -0.2043701 -0.4203937 -0.2043701 0 P 0
L -0.4696063 -0.2043701 -0.4696063 -0.1256299 0 P 0
L -0.480315 -0.0998425 -0.480315 -0.0801575 0 P 0
L -0.519685 -0.0801575 -0.480315 -0.0801575 0 P 0
L -0.519685 -0.0998425 -0.480315 -0.0998425 0 P 0
L -0.519685 -0.0998425 -0.519685 -0.0801575 0 P 0
L -0.545315 -0.0998425 -0.545315 -0.0801575 0 P 0
L 0.5660195 0.7001471 0.5799389 0.6862277 0 P 0
L 0.5660195 0.7001471 0.5938583 0.7279859 0 P 0
L -0.5799389 -0.6862277 -0.5660195 -0.7001471 0 P 0
L 0.5799389 0.6862277 0.6077777 0.7140665 0 P 0
L -0.584685 -0.0801575 -0.545315 -0.0801575 0 P 0
L -0.584685 -0.0998425 -0.545315 -0.0998425 0 P 0
L -0.584685 -0.0998425 -0.584685 -0.0801575 0 P 0
L -0.5938583 -0.7279859 -0.5660195 -0.7001471 0 P 0
L 0.5938583 0.7279859 0.6077777 0.7140665 0 P 0
L -0.6077777 -0.7140665 -0.5799389 -0.6862277 0 P 0
L -0.6077777 -0.7140665 -0.5938583 -0.7279859 0 P 0
L 0.6862277 -0.5799389 0.7001471 -0.5660195 0 P 0
L 0.6862277 -0.5799389 0.7140665 -0.6077777 0 P 0
L -0.7001471 0.5660195 -0.6862277 0.5799389 0 P 0
L 0.7001471 -0.5660195 0.7279859 -0.5938583 0 P 0
L -0.7140665 0.6077777 -0.6862277 0.5799389 0 P 0
L 0.7140665 -0.6077777 0.7279859 -0.5938583 0 P 0
L -0.7279859 0.5938583 -0.7001471 0.5660195 0 P 0
L -0.7279859 0.5938583 -0.7140665 0.6077777 0 P 0
L 0.895315 0.0751575 0.895315 0.0948425 0 P 0
L 0.895315 0.0751575 0.934685 0.0751575 0 P 0
L -0.895315 -0.0948424 -0.895315 -0.0751575 0 P 0
L 0.895315 0.0948425 0.934685 0.0948425 0 P 0
L -0.934685 -0.0751574 -0.895315 -0.0751575 0 P 0
L 0.934685 0.0751575 0.934685 0.0948425 0 P 0
L -0.934685 -0.0948424 -0.895315 -0.0948424 0 P 0
L -0.934685 -0.0948424 -0.934685 -0.0751574 0 P 0
