#Designator Center-X(mil) Center-Y(mil) Rotation Side       
U2         0.000         0.000         180      1    
Y1         395.000       -115.000      270      1    
U4         275.000       480.000       180      1    
U1         -535.000      -165.000      180      1    
RESET      385.000       160.000       90       1    
R9         -280.000      70.000        90       1    
R8         325.000       335.000       180      1    
R7         325.000       290.000       180      1    
R6         15.000        -350.000      90       1    
R5         -295.000      -95.000       0        1    
R4         -295.000      -60.000       0        1    
R3         -105.000      295.000       90       1    
R2         -70.000       295.000       90       1    
R1         -450.000      0.000         270      1    
MK8        -617.549      617.549       135      2 
MK7        0.000         894.508       90       2 
MK6        617.549       617.549       45       2 
MK5        894.508       0.000         360      2 
MK4        617.549       -617.549      315      2 
MK3        0.000         -894.508      270      2 
MK2        -617.549      -617.549      225      2 
MK1        -894.508      0.000         180      2 
L1         -445.000      -165.000      90       1    
JP1        -812.409      -348.482      292.5    1    
D17        -946.458      -188.262      281.25   2 
D16        -946.458      188.262       258.75   2 
D15        -802.368      536.125       236.25   2 
D14        -536.125      802.368       213.75   2 
D13        -188.262      946.458       191.25   2 
D12        188.262       946.458       168.75   2 
D11        536.125       802.368       146.25   2 
D10        802.368       536.125       123.75   2 
D9         946.458       188.262       101.25   2 
D8         946.458       -188.262      78.75    2 
D7         802.368       -536.125      56.25    2 
D6         536.125       -802.368      33.75    2 
D5         188.262       -946.458      11.25    2 
D4         -188.262      -946.458      348.75   2 
D3         -536.125      -802.368      326.25   2 
D2         -802.368      -536.125      303.75   2 
D1         -505.000      0.000         270      1    
C22        -707.107      586.899       135      2 
C21        -85.000       915.000       90       2 
C20        -915.000      -85.000       180      2 
C19        915.000       85.000        360      2 
C18        707.107       -586.899      315      2 
C17        85.000        -915.000      270      2 
C16        -586.899      -707.107      225      2 
C15        586.899       707.107       45       2 
C14        250.000       320.000       90       1    
C13        280.000       0.000         270      1    
C12        -140.000      295.000       270      1    
C11        -295.000      -130.000      360      1    
C10        360.000       25.000        360      1    
C9         430.000       -255.000      180      1    
C8         280.000       80.000        90       1    
C7         140.000       -280.000      0        1    
C6         -280.000      -180.000      90       1    
C5         -190.000      280.000       0        1    
C4         120.000       280.000       180      1    
C3         280.000       -165.000      90       1    
C2         -500.000      -90.000       360      1    
C1         -565.000      -90.000       180      1    
BOOT       145.000       -375.000      360      1    
